p:3	q:3
0 0 0 | 0 0 0 | 0 0 0 
0 0 5 | 0 9 0 | 0 0 0 
0 0 0 | 0 0 0 | 0 0 0 
- - - - - - - - - - - 
3 0 0 | 0 0 6 | 0 0 0 
0 6 0 | 0 0 0 | 0 0 0 
0 0 0 | 0 0 0 | 0 0 0 
- - - - - - - - - - - 
0 0 0 | 9 0 0 | 0 0 0 
0 0 0 | 0 0 0 | 0 0 0 
0 0 0 | 0 0 7 | 0 0 0 

in fc
is true
[]
in fc
is true
[119]
in fc
is true
[119, 138]
in fc
is true
[119, 138, 156]
in fc
is true
[119, 138, 156, 169]
in fc
is true
[119, 138, 156, 169, 185]
in fc
is true
[119, 138, 156, 169, 185, 199]
in fc
is true
[119, 138, 156, 169, 185, 199, 212]
in fc
is true
[119, 138, 156, 169, 185, 199, 212, 225]
in fc
is true
[119, 138, 156, 169, 185, 199, 212, 225, 238]
in fc
is true
[119, 138, 156, 169, 185, 199, 212, 225, 238, 247]
in fc
is true
[119, 138, 156, 169, 185, 199, 212, 225, 238, 247, 260]
in fc
is true
[119, 138, 156, 169, 185, 199, 212, 225, 238, 247, 260, 269]
in fc
is true
[119, 138, 156, 169, 185, 199, 212, 225, 238, 247, 260, 269, 282]
in fc
is true
[119, 138, 156, 169, 185, 199, 212, 225, 238, 247, 260, 269, 282, 293]
in fc
false undo
in fc
is true
[119, 138, 156, 169, 185, 199, 212, 225, 238, 247, 260, 269, 282, 293]
in fc
false undo
in fc
is true
[119, 138, 156, 169, 185, 199, 212, 225, 238, 247, 260, 269, 282]
in fc
is true
[119, 138, 156, 169, 185, 199, 212, 225, 238, 247, 260, 269, 282, 293]
in fc
false undo
in fc
is true
[119, 138, 156, 169, 185, 199, 212, 225, 238, 247, 260, 269, 282, 293]
in fc
false undo
in fc
is true
[119, 138, 156, 169, 185, 199, 212, 225, 238, 247, 260, 269]
in fc
is true
[119, 138, 156, 169, 185, 199, 212, 225, 238, 247, 260, 269, 282]
in fc
is true
[119, 138, 156, 169, 185, 199, 212, 225, 238, 247, 260, 269, 282, 293]
in fc
false undo
in fc
is true
[119, 138, 156, 169, 185, 199, 212, 225, 238, 247, 260, 269, 282, 293]
in fc
false undo
in fc
is true
[119, 138, 156, 169, 185, 199, 212, 225, 238, 247, 260, 269, 282]
in fc
is true
[119, 138, 156, 169, 185, 199, 212, 225, 238, 247, 260, 269, 282, 293]
in fc
false undo
in fc
is true
[119, 138, 156, 169, 185, 199, 212, 225, 238, 247, 260, 269, 282, 293]
in fc
false undo
in fc
is true
[119, 138, 156, 169, 185, 199, 212, 225, 238, 247, 260, 269]
in fc
is true
[119, 138, 156, 169, 185, 199, 212, 225, 238, 247, 260, 269, 281]
in fc
is true
[119, 138, 156, 169, 185, 199, 212, 225, 238, 247, 260, 269, 281, 292]
in fc
false undo
in fc
is true
[119, 138, 156, 169, 185, 199, 212, 225, 238, 247, 260, 269, 281, 292]
in fc
false undo
in fc
is true
[119, 138, 156, 169, 185, 199, 212, 225, 238, 247, 260, 269, 281]
in fc
is true
[119, 138, 156, 169, 185, 199, 212, 225, 238, 247, 260, 269, 281, 292]
in fc
false undo
in fc
is true
[119, 138, 156, 169, 185, 199, 212, 225, 238, 247, 260, 269, 281, 292]
in fc
false undo
in fc
is true
[119, 138, 156, 169, 185, 199, 212, 225, 238, 247, 260, 269]
in fc
is true
[119, 138, 156, 169, 185, 199, 212, 225, 238, 247, 260, 269, 274]
in fc
is true
[119, 138, 156, 169, 185, 199, 212, 225, 238, 247, 260, 269, 274, 285]
in fc
is true
[119, 138, 156, 169, 185, 199, 212, 225, 238, 247, 260, 269, 274, 285, 297]
in fc
is true
[119, 138, 156, 169, 185, 199, 212, 225, 238, 247, 260, 269, 274, 285, 297, 307]
in fc
is true
[119, 138, 156, 169, 185, 199, 212, 225, 238, 247, 260, 269, 274, 285, 297, 307, 317]
in fc
is true
[119, 138, 156, 169, 185, 199, 212, 225, 238, 247, 260, 269, 274, 285, 297, 307, 317, 322]
in fc
is true
[119, 138, 156, 169, 185, 199, 212, 225, 238, 247, 260, 269, 274, 285, 297, 307, 317, 322, 329]
in fc
is true
[119, 138, 156, 169, 185, 199, 212, 225, 238, 247, 260, 269, 274, 285, 297, 307, 317, 322, 329, 335]
in fc
false undo
in fc
is true
[119, 138, 156, 169, 185, 199, 212, 225, 238, 247, 260, 269, 274, 285, 297, 307, 317, 322, 329, 335, 343]
in fc
is true
[119, 138, 156, 169, 185, 199, 212, 225, 238, 247, 260, 269, 274, 285, 297, 307, 317, 322, 329, 335, 343, 347]
in fc
is true
[119, 138, 156, 169, 185, 199, 212, 225, 238, 247, 260, 269, 274, 285, 297, 307, 317, 322, 329, 335, 343, 347, 352]
in fc
is true
[119, 138, 156, 169, 185, 199, 212, 225, 238, 247, 260, 269, 274, 285, 297, 307, 317, 322, 329, 335, 343, 347, 352, 361]
in fc
is true
[119, 138, 156, 169, 185, 199, 212, 225, 238, 247, 260, 269, 274, 285, 297, 307, 317, 322, 329, 335, 343, 347, 352, 361, 369]
in fc
is true
[119, 138, 156, 169, 185, 199, 212, 225, 238, 247, 260, 269, 274, 285, 297, 307, 317, 322, 329, 335, 343, 347, 352, 361, 369, 376]
in fc
is true
[119, 138, 156, 169, 185, 199, 212, 225, 238, 247, 260, 269, 274, 285, 297, 307, 317, 322, 329, 335, 343, 347, 352, 361, 369, 376, 388]
in fc
is true
[119, 138, 156, 169, 185, 199, 212, 225, 238, 247, 260, 269, 274, 285, 297, 307, 317, 322, 329, 335, 343, 347, 352, 361, 369, 376, 388, 399]
in fc
is true
[119, 138, 156, 169, 185, 199, 212, 225, 238, 247, 260, 269, 274, 285, 297, 307, 317, 322, 329, 335, 343, 347, 352, 361, 369, 376, 388, 399, 408]
in fc
false undo
in fc
is true
[119, 138, 156, 169, 185, 199, 212, 225, 238, 247, 260, 269, 274, 285, 297, 307, 317, 322, 329, 335, 343, 347, 352, 361, 369, 376, 388, 399, 408, 418]
in fc
is true
[119, 138, 156, 169, 185, 199, 212, 225, 238, 247, 260, 269, 274, 285, 297, 307, 317, 322, 329, 335, 343, 347, 352, 361, 369, 376, 388, 399, 408, 418, 427]
in fc
is true
[119, 138, 156, 169, 185, 199, 212, 225, 238, 247, 260, 269, 274, 285, 297, 307, 317, 322, 329, 335, 343, 347, 352, 361, 369, 376, 388, 399, 408, 418, 427, 434]
in fc
is true
[119, 138, 156, 169, 185, 199, 212, 225, 238, 247, 260, 269, 274, 285, 297, 307, 317, 322, 329, 335, 343, 347, 352, 361, 369, 376, 388, 399, 408, 418, 427, 434, 441]
in fc
is true
[119, 138, 156, 169, 185, 199, 212, 225, 238, 247, 260, 269, 274, 285, 297, 307, 317, 322, 329, 335, 343, 347, 352, 361, 369, 376, 388, 399, 408, 418, 427, 434, 441, 449]
in fc
is true
[119, 138, 156, 169, 185, 199, 212, 225, 238, 247, 260, 269, 274, 285, 297, 307, 317, 322, 329, 335, 343, 347, 352, 361, 369, 376, 388, 399, 408, 418, 427, 434, 441, 449, 457]
in fc
false undo
in fc
false undo
in fc
is true
[119, 138, 156, 169, 185, 199, 212, 225, 238, 247, 260, 269, 274, 285, 297, 307, 317, 322, 329, 335, 343, 347, 352, 361, 369, 376, 388, 399, 408, 418, 427, 434, 441, 449, 457, 465]
in fc
false undo
in fc
is true
[119, 138, 156, 169, 185, 199, 212, 225, 238, 247, 260, 269, 274, 285, 297, 307, 317, 322, 329, 335, 343, 347, 352, 361, 369, 376, 388, 399, 408, 418, 427, 434, 441, 449, 457, 465, 471]
in fc
is true
[119, 138, 156, 169, 185, 199, 212, 225, 238, 247, 260, 269, 274, 285, 297, 307, 317, 322, 329, 335, 343, 347, 352, 361, 369, 376, 388, 399, 408, 418, 427, 434, 441, 449, 457, 465, 471, 473]
in fc
false undo
in fc
false undo
in fc
is true
[119, 138, 156, 169, 185, 199, 212, 225, 238, 247, 260, 269, 274, 285, 297, 307, 317, 322, 329, 335, 343, 347, 352, 361, 369, 376, 388, 399, 408, 418, 427, 434, 441, 449, 457]
in fc
is true
[119, 138, 156, 169, 185, 199, 212, 225, 238, 247, 260, 269, 274, 285, 297, 307, 317, 322, 329, 335, 343, 347, 352, 361, 369, 376, 388, 399, 408, 418, 427, 434, 441, 449, 457, 459]
in fc
false undo
in fc
is true
[119, 138, 156, 169, 185, 199, 212, 225, 238, 247, 260, 269, 274, 285, 297, 307, 317, 322, 329, 335, 343, 347, 352, 361, 369, 376, 388, 399, 408, 418, 427, 434, 441, 449, 457, 459, 467]
in fc
is true
[119, 138, 156, 169, 185, 199, 212, 225, 238, 247, 260, 269, 274, 285, 297, 307, 317, 322, 329, 335, 343, 347, 352, 361, 369, 376, 388, 399, 408, 418, 427, 434, 441, 449, 457, 459, 467, 469]
in fc
false undo
in fc
is true
[119, 138, 156, 169, 185, 199, 212, 225, 238, 247, 260, 269, 274, 285, 297, 307, 317, 322, 329, 335, 343, 347, 352, 361, 369, 376, 388, 399, 408, 418, 427, 434, 441, 449, 457, 459]
in fc
false undo
in fc
false undo
in fc
is true
[119, 138, 156, 169, 185, 199, 212, 225, 238, 247, 260, 269, 274, 285, 297, 307, 317, 322, 329, 335, 343, 347, 352, 361, 369, 376, 388, 399, 408, 418, 427, 434, 441, 449, 457, 459]
in fc
is true
[119, 138, 156, 169, 185, 199, 212, 225, 238, 247, 260, 269, 274, 285, 297, 307, 317, 322, 329, 335, 343, 347, 352, 361, 369, 376, 388, 399, 408, 418, 427, 434, 441, 449, 457, 459, 465]
in fc
is true
[119, 138, 156, 169, 185, 199, 212, 225, 238, 247, 260, 269, 274, 285, 297, 307, 317, 322, 329, 335, 343, 347, 352, 361, 369, 376, 388, 399, 408, 418, 427, 434, 441, 449, 457, 459, 465, 472]
in fc
false undo
in fc
is true
[119, 138, 156, 169, 185, 199, 212, 225, 238, 247, 260, 269, 274, 285, 297, 307, 317, 322, 329, 335, 343, 347, 352, 361, 369, 376, 388, 399, 408, 418, 427, 434, 441, 449, 457, 459, 465]
in fc
is true
[119, 138, 156, 169, 185, 199, 212, 225, 238, 247, 260, 269, 274, 285, 297, 307, 317, 322, 329, 335, 343, 347, 352, 361, 369, 376, 388, 399, 408, 418, 427, 434, 441, 449, 457, 459, 465, 467]
in fc
is true
[119, 138, 156, 169, 185, 199, 212, 225, 238, 247, 260, 269, 274, 285, 297, 307, 317, 322, 329, 335, 343, 347, 352, 361, 369, 376, 388, 399, 408, 418, 427, 434, 441, 449, 457, 459, 465, 467, 474]
in fc
is true
[119, 138, 156, 169, 185, 199, 212, 225, 238, 247, 260, 269, 274, 285, 297, 307, 317, 322, 329, 335, 343, 347, 352, 361, 369, 376, 388, 399, 408, 418, 427, 434, 441, 449, 457, 459, 465, 467, 474, 481]
in fc
is true
[119, 138, 156, 169, 185, 199, 212, 225, 238, 247, 260, 269, 274, 285, 297, 307, 317, 322, 329, 335, 343, 347, 352, 361, 369, 376, 388, 399, 408, 418, 427, 434, 441, 449, 457, 459, 465, 467, 474, 481, 487]
in fc
is true
[119, 138, 156, 169, 185, 199, 212, 225, 238, 247, 260, 269, 274, 285, 297, 307, 317, 322, 329, 335, 343, 347, 352, 361, 369, 376, 388, 399, 408, 418, 427, 434, 441, 449, 457, 459, 465, 467, 474, 481, 487, 491]
in fc
is true
[119, 138, 156, 169, 185, 199, 212, 225, 238, 247, 260, 269, 274, 285, 297, 307, 317, 322, 329, 335, 343, 347, 352, 361, 369, 376, 388, 399, 408, 418, 427, 434, 441, 449, 457, 459, 465, 467, 474, 481, 487, 491, 494]
in fc
is true
[119, 138, 156, 169, 185, 199, 212, 225, 238, 247, 260, 269, 274, 285, 297, 307, 317, 322, 329, 335, 343, 347, 352, 361, 369, 376, 388, 399, 408, 418, 427, 434, 441, 449, 457, 459, 465, 467, 474, 481, 487, 491, 494, 498]
in fc
false undo
in fc
is true
[119, 138, 156, 169, 185, 199, 212, 225, 238, 247, 260, 269, 274, 285, 297, 307, 317, 322, 329, 335, 343, 347, 352, 361, 369, 376, 388, 399, 408, 418, 427, 434, 441, 449, 457, 459, 465, 467, 474, 481, 487, 491, 494, 498, 502]
in fc
is true
[119, 138, 156, 169, 185, 199, 212, 225, 238, 247, 260, 269, 274, 285, 297, 307, 317, 322, 329, 335, 343, 347, 352, 361, 369, 376, 388, 399, 408, 418, 427, 434, 441, 449, 457, 459, 465, 467, 474, 481, 487, 491, 494, 498, 502, 506]
in fc
is true
[119, 138, 156, 169, 185, 199, 212, 225, 238, 247, 260, 269, 274, 285, 297, 307, 317, 322, 329, 335, 343, 347, 352, 361, 369, 376, 388, 399, 408, 418, 427, 434, 441, 449, 457, 459, 465, 467, 474, 481, 487, 491, 494, 498, 502, 506, 509]
in fc
is true
[119, 138, 156, 169, 185, 199, 212, 225, 238, 247, 260, 269, 274, 285, 297, 307, 317, 322, 329, 335, 343, 347, 352, 361, 369, 376, 388, 399, 408, 418, 427, 434, 441, 449, 457, 459, 465, 467, 474, 481, 487, 491, 494, 498, 502, 506, 509, 514]
in fc
is true
[119, 138, 156, 169, 185, 199, 212, 225, 238, 247, 260, 269, 274, 285, 297, 307, 317, 322, 329, 335, 343, 347, 352, 361, 369, 376, 388, 399, 408, 418, 427, 434, 441, 449, 457, 459, 465, 467, 474, 481, 487, 491, 494, 498, 502, 506, 509, 514, 518]
in fc
is true
[119, 138, 156, 169, 185, 199, 212, 225, 238, 247, 260, 269, 274, 285, 297, 307, 317, 322, 329, 335, 343, 347, 352, 361, 369, 376, 388, 399, 408, 418, 427, 434, 441, 449, 457, 459, 465, 467, 474, 481, 487, 491, 494, 498, 502, 506, 509, 514, 518, 522]
in fc
is true
[119, 138, 156, 169, 185, 199, 212, 225, 238, 247, 260, 269, 274, 285, 297, 307, 317, 322, 329, 335, 343, 347, 352, 361, 369, 376, 388, 399, 408, 418, 427, 434, 441, 449, 457, 459, 465, 467, 474, 481, 487, 491, 494, 498, 502, 506, 509, 514, 518, 522, 527]
in fc
is true
[119, 138, 156, 169, 185, 199, 212, 225, 238, 247, 260, 269, 274, 285, 297, 307, 317, 322, 329, 335, 343, 347, 352, 361, 369, 376, 388, 399, 408, 418, 427, 434, 441, 449, 457, 459, 465, 467, 474, 481, 487, 491, 494, 498, 502, 506, 509, 514, 518, 522, 527, 531]
in fc
is true
[119, 138, 156, 169, 185, 199, 212, 225, 238, 247, 260, 269, 274, 285, 297, 307, 317, 322, 329, 335, 343, 347, 352, 361, 369, 376, 388, 399, 408, 418, 427, 434, 441, 449, 457, 459, 465, 467, 474, 481, 487, 491, 494, 498, 502, 506, 509, 514, 518, 522, 527, 531, 536]
in fc
false undo
in fc
is true
[119, 138, 156, 169, 185, 199, 212, 225, 238, 247, 260, 269, 274, 285, 297, 307, 317, 322, 329, 335, 343, 347, 352, 361, 369, 376, 388, 399, 408, 418, 427, 434, 441, 449, 457, 459, 465, 467, 474, 481, 487, 491, 494, 498, 502, 506, 509, 514, 518, 522, 527, 531, 536, 540]
in fc
is true
[119, 138, 156, 169, 185, 199, 212, 225, 238, 247, 260, 269, 274, 285, 297, 307, 317, 322, 329, 335, 343, 347, 352, 361, 369, 376, 388, 399, 408, 418, 427, 434, 441, 449, 457, 459, 465, 467, 474, 481, 487, 491, 494, 498, 502, 506, 509, 514, 518, 522, 527, 531, 536, 540, 543]
in fc
is true
[119, 138, 156, 169, 185, 199, 212, 225, 238, 247, 260, 269, 274, 285, 297, 307, 317, 322, 329, 335, 343, 347, 352, 361, 369, 376, 388, 399, 408, 418, 427, 434, 441, 449, 457, 459, 465, 467, 474, 481, 487, 491, 494, 498, 502, 506, 509, 514, 518, 522, 527, 531, 536, 540, 543, 545]
in fc
is true
[119, 138, 156, 169, 185, 199, 212, 225, 238, 247, 260, 269, 274, 285, 297, 307, 317, 322, 329, 335, 343, 347, 352, 361, 369, 376, 388, 399, 408, 418, 427, 434, 441, 449, 457, 459, 465, 467, 474, 481, 487, 491, 494, 498, 502, 506, 509, 514, 518, 522, 527, 531, 536, 540, 543, 545, 548]
in fc
is true
[119, 138, 156, 169, 185, 199, 212, 225, 238, 247, 260, 269, 274, 285, 297, 307, 317, 322, 329, 335, 343, 347, 352, 361, 369, 376, 388, 399, 408, 418, 427, 434, 441, 449, 457, 459, 465, 467, 474, 481, 487, 491, 494, 498, 502, 506, 509, 514, 518, 522, 527, 531, 536, 540, 543, 545, 548, 551]
in fc
false undo
in fc
is true
[119, 138, 156, 169, 185, 199, 212, 225, 238, 247, 260, 269, 274, 285, 297, 307, 317, 322, 329, 335, 343, 347, 352, 361, 369, 376, 388, 399, 408, 418, 427, 434, 441, 449, 457, 459, 465, 467, 474, 481, 487, 491, 494, 498, 502, 506, 509, 514, 518, 522, 527, 531, 536, 540, 543, 545, 548, 551, 554]
in fc
false undo
in fc
is true
[119, 138, 156, 169, 185, 199, 212, 225, 238, 247, 260, 269, 274, 285, 297, 307, 317, 322, 329, 335, 343, 347, 352, 361, 369, 376, 388, 399, 408, 418, 427, 434, 441, 449, 457, 459, 465, 467, 474, 481, 487, 491, 494, 498, 502, 506, 509, 514, 518, 522, 527, 531, 536, 540, 543, 545, 548, 551, 554, 557]
in fc
is true
[119, 138, 156, 169, 185, 199, 212, 225, 238, 247, 260, 269, 274, 285, 297, 307, 317, 322, 329, 335, 343, 347, 352, 361, 369, 376, 388, 399, 408, 418, 427, 434, 441, 449, 457, 459, 465, 467, 474, 481, 487, 491, 494, 498, 502, 506, 509, 514, 518, 522, 527, 531, 536, 540, 543, 545, 548, 551, 554, 557, 558]
in fc
false undo
in fc
is true
[119, 138, 156, 169, 185, 199, 212, 225, 238, 247, 260, 269, 274, 285, 297, 307, 317, 322, 329, 335, 343, 347, 352, 361, 369, 376, 388, 399, 408, 418, 427, 434, 441, 449, 457, 459, 465, 467, 474, 481, 487, 491, 494, 498, 502, 506, 509, 514, 518, 522, 527, 531, 536, 540, 543, 545, 548, 551, 554, 557, 558, 561]
in fc
is true
[119, 138, 156, 169, 185, 199, 212, 225, 238, 247, 260, 269, 274, 285, 297, 307, 317, 322, 329, 335, 343, 347, 352, 361, 369, 376, 388, 399, 408, 418, 427, 434, 441, 449, 457, 459, 465, 467, 474, 481, 487, 491, 494, 498, 502, 506, 509, 514, 518, 522, 527, 531, 536, 540, 543, 545, 548, 551, 554, 557, 558, 561, 564]
in fc
is true
[119, 138, 156, 169, 185, 199, 212, 225, 238, 247, 260, 269, 274, 285, 297, 307, 317, 322, 329, 335, 343, 347, 352, 361, 369, 376, 388, 399, 408, 418, 427, 434, 441, 449, 457, 459, 465, 467, 474, 481, 487, 491, 494, 498, 502, 506, 509, 514, 518, 522, 527, 531, 536, 540, 543, 545, 548, 551, 554, 557, 558, 561, 564, 565]
in fc
is true
[119, 138, 156, 169, 185, 199, 212, 225, 238, 247, 260, 269, 274, 285, 297, 307, 317, 322, 329, 335, 343, 347, 352, 361, 369, 376, 388, 399, 408, 418, 427, 434, 441, 449, 457, 459, 465, 467, 474, 481, 487, 491, 494, 498, 502, 506, 509, 514, 518, 522, 527, 531, 536, 540, 543, 545, 548, 551, 554, 557, 558, 561, 564, 565, 567]
in fc
is true
[119, 138, 156, 169, 185, 199, 212, 225, 238, 247, 260, 269, 274, 285, 297, 307, 317, 322, 329, 335, 343, 347, 352, 361, 369, 376, 388, 399, 408, 418, 427, 434, 441, 449, 457, 459, 465, 467, 474, 481, 487, 491, 494, 498, 502, 506, 509, 514, 518, 522, 527, 531, 536, 540, 543, 545, 548, 551, 554, 557, 558, 561, 564, 565, 567, 569]
in fc
is true
[119, 138, 156, 169, 185, 199, 212, 225, 238, 247, 260, 269, 274, 285, 297, 307, 317, 322, 329, 335, 343, 347, 352, 361, 369, 376, 388, 399, 408, 418, 427, 434, 441, 449, 457, 459, 465, 467, 474, 481, 487, 491, 494, 498, 502, 506, 509, 514, 518, 522, 527, 531, 536, 540, 543, 545, 548, 551, 554, 557, 558, 561, 564, 565, 567, 569, 571]
in fc
is true
[119, 138, 156, 169, 185, 199, 212, 225, 238, 247, 260, 269, 274, 285, 297, 307, 317, 322, 329, 335, 343, 347, 352, 361, 369, 376, 388, 399, 408, 418, 427, 434, 441, 449, 457, 459, 465, 467, 474, 481, 487, 491, 494, 498, 502, 506, 509, 514, 518, 522, 527, 531, 536, 540, 543, 545, 548, 551, 554, 557, 558, 561, 564, 565, 567, 569, 571, 572]
in fc
is true
[119, 138, 156, 169, 185, 199, 212, 225, 238, 247, 260, 269, 274, 285, 297, 307, 317, 322, 329, 335, 343, 347, 352, 361, 369, 376, 388, 399, 408, 418, 427, 434, 441, 449, 457, 459, 465, 467, 474, 481, 487, 491, 494, 498, 502, 506, 509, 514, 518, 522, 527, 531, 536, 540, 543, 545, 548, 551, 554, 557, 558, 561, 564, 565, 567, 569, 571, 572, 573]
in fc
is true
[119, 138, 156, 169, 185, 199, 212, 225, 238, 247, 260, 269, 274, 285, 297, 307, 317, 322, 329, 335, 343, 347, 352, 361, 369, 376, 388, 399, 408, 418, 427, 434, 441, 449, 457, 459, 465, 467, 474, 481, 487, 491, 494, 498, 502, 506, 509, 514, 518, 522, 527, 531, 536, 540, 543, 545, 548, 551, 554, 557, 558, 561, 564, 565, 567, 569, 571, 572, 573, 574]
in fc
is true
[119, 138, 156, 169, 185, 199, 212, 225, 238, 247, 260, 269, 274, 285, 297, 307, 317, 322, 329, 335, 343, 347, 352, 361, 369, 376, 388, 399, 408, 418, 427, 434, 441, 449, 457, 459, 465, 467, 474, 481, 487, 491, 494, 498, 502, 506, 509, 514, 518, 522, 527, 531, 536, 540, 543, 545, 548, 551, 554, 557, 558, 561, 564, 565, 567, 569, 571, 572, 573, 574, 575]
in fc
is true
[119, 138, 156, 169, 185, 199, 212, 225, 238, 247, 260, 269, 274, 285, 297, 307, 317, 322, 329, 335, 343, 347, 352, 361, 369, 376, 388, 399, 408, 418, 427, 434, 441, 449, 457, 459, 465, 467, 474, 481, 487, 491, 494, 498, 502, 506, 509, 514, 518, 522, 527, 531, 536, 540, 543, 545, 548, 551, 554, 557, 558, 561, 564, 565, 567, 569, 571, 572, 573, 574, 575, 576]
in fc
is true
[119, 138, 156, 169, 185, 199, 212, 225, 238, 247, 260, 269, 274, 285, 297, 307, 317, 322, 329, 335, 343, 347, 352, 361, 369, 376, 388, 399, 408, 418, 427, 434, 441, 449, 457, 459, 465, 467, 474, 481, 487, 491, 494, 498, 502, 506, 509, 514, 518, 522, 527, 531, 536, 540, 543, 545, 548, 551, 554, 557, 558, 561, 564, 565, 567, 569, 571, 572, 573, 574, 575, 576, 577]
in fc
is true
[119, 138, 156, 169, 185, 199, 212, 225, 238, 247, 260, 269, 274, 285, 297, 307, 317, 322, 329, 335, 343, 347, 352, 361, 369, 376, 388, 399, 408, 418, 427, 434, 441, 449, 457, 459, 465, 467, 474, 481, 487, 491, 494, 498, 502, 506, 509, 514, 518, 522, 527, 531, 536, 540, 543, 545, 548, 551, 554, 557, 558, 561, 564, 565, 567, 569, 571, 572, 573, 574, 575, 576, 577, 578]
p:3	q:3
1 2 3 | 4 5 8 | 6 7 9 
4 7 5 | 6 9 1 | 2 3 8 
6 8 9 | 2 7 3 | 1 4 5 
- - - - - - - - - - - 
3 1 2 | 5 4 6 | 8 9 7 
5 6 4 | 7 8 9 | 3 1 2 
7 9 8 | 1 3 2 | 4 5 6 
- - - - - - - - - - - 
2 3 1 | 9 6 5 | 7 8 4 
8 5 7 | 3 2 4 | 9 6 1 
9 4 6 | 8 1 7 | 5 2 3 

Trail Pushes: 1057
Backtracks: 60
