p:5	q:5
0 G 0 0 0 | 0 0 0 0 0 | 0 0 0 0 0 | 0 0 0 0 0 | 0 0 0 0 0 
0 0 0 0 0 | 0 0 0 0 0 | 0 0 0 0 0 | 0 0 0 I 0 | 0 0 0 0 0 
0 0 0 0 0 | 0 0 0 0 0 | 0 0 0 0 0 | G 0 A 0 0 | 0 0 0 0 0 
0 0 0 0 0 | 0 0 0 0 0 | 0 0 0 0 0 | 0 0 0 0 0 | 0 0 0 0 0 
0 0 0 0 0 | 0 0 0 0 0 | 0 N 0 0 0 | 0 0 0 0 0 | 0 0 0 0 0 
- - - - - - - - - - - - - - - - - - - - - - - - - - - - - 
0 0 8 0 0 | 0 G 0 0 0 | 0 0 0 0 0 | 0 0 0 0 0 | 0 0 0 0 0 
0 0 0 0 0 | 0 0 0 0 0 | 0 0 0 0 0 | 0 0 0 9 0 | 0 0 0 0 0 
0 0 0 0 0 | 0 0 0 0 0 | 0 0 0 0 0 | O 0 0 0 0 | 0 0 0 0 0 
0 0 0 0 0 | E 0 0 0 0 | 0 0 0 0 0 | 0 0 0 0 0 | 0 0 0 0 0 
0 0 0 0 0 | 0 0 0 0 0 | 0 0 0 0 0 | 0 0 0 0 0 | 0 9 0 0 0 
- - - - - - - - - - - - - - - - - - - - - - - - - - - - - 
0 0 0 0 0 | 0 0 0 0 0 | 0 O 0 0 0 | 0 0 0 0 0 | 0 0 0 0 0 
0 0 0 0 0 | 0 7 0 0 0 | 0 0 0 0 I | 0 0 0 0 0 | 0 0 0 0 0 
0 F 1 0 0 | 0 0 0 0 0 | 0 0 0 0 0 | 0 0 0 0 0 | 0 0 0 0 0 
0 0 0 0 0 | 0 0 0 0 0 | 0 0 0 0 0 | 0 0 0 0 0 | 0 0 0 N 0 
0 0 0 0 0 | 0 0 0 0 0 | 0 0 0 0 0 | 0 9 0 0 0 | 0 0 0 0 0 
- - - - - - - - - - - - - - - - - - - - - - - - - - - - - 
0 0 0 0 0 | 0 0 0 0 0 | 0 0 0 7 0 | 0 0 0 0 0 | 0 0 0 0 0 
0 0 0 0 0 | 0 0 0 0 0 | 0 0 0 0 0 | 0 0 0 0 0 | 0 0 0 0 0 
0 0 0 0 P | 0 0 0 0 0 | 0 2 0 0 0 | 0 0 0 0 0 | 0 0 0 0 0 
0 0 0 0 0 | 0 0 0 0 0 | 0 0 0 0 0 | 2 0 0 0 0 | N 0 0 0 0 
0 0 0 0 0 | B 0 0 0 0 | 0 0 0 0 0 | 0 0 0 0 0 | 0 0 0 0 0 
- - - - - - - - - - - - - - - - - - - - - - - - - - - - - 
0 0 0 0 0 | 0 0 0 9 0 | 0 0 0 0 0 | 0 0 0 0 0 | 0 0 0 0 0 
8 0 0 0 0 | 0 0 1 K 0 | 0 0 0 0 0 | 0 0 0 0 0 | 0 0 0 0 0 
0 0 0 0 0 | 0 0 0 0 0 | 0 0 0 0 0 | 0 0 0 0 8 | 0 0 0 0 0 
0 0 0 0 0 | 0 0 0 0 0 | 0 0 0 0 0 | 0 0 0 0 0 | 0 0 0 0 0 
0 0 0 0 0 | 0 0 0 0 0 | 0 0 0 M 0 | 0 0 0 0 0 | 0 0 0 0 0 

Failed to find a solution
