p:3	q:3
0 0 0 | 0 0 0 | 0 0 0 
0 0 0 | 0 0 0 | 0 0 1 
0 0 0 | 0 4 0 | 5 0 0 
- - - - - - - - - - - 
2 0 0 | 0 0 5 | 0 0 0 
0 0 0 | 0 0 0 | 0 0 0 
0 7 0 | 0 0 0 | 0 0 0 
- - - - - - - - - - - 
0 0 0 | 0 0 9 | 0 0 0 
0 0 0 | 0 0 0 | 0 0 0 
0 0 0 | 0 0 0 | 0 0 0 

in fc
is true
[]
in fc
is true
[128]
in fc
is true
[128, 142]
in fc
is true
[128, 142, 157]
in fc
is true
[128, 142, 157, 176]
in fc
is true
[128, 142, 157, 176, 183]
in fc
is true
[128, 142, 157, 176, 183, 199]
in fc
is true
[128, 142, 157, 176, 183, 199, 211]
in fc
is true
[128, 142, 157, 176, 183, 199, 211, 222]
in fc
is true
[128, 142, 157, 176, 183, 199, 211, 222, 234]
in fc
is true
[128, 142, 157, 176, 183, 199, 211, 222, 234, 244]
in fc
is true
[128, 142, 157, 176, 183, 199, 211, 222, 234, 244, 252]
in fc
is true
[128, 142, 157, 176, 183, 199, 211, 222, 234, 244, 252, 258]
in fc
is true
[128, 142, 157, 176, 183, 199, 211, 222, 234, 244, 252, 258, 270]
in fc
is true
[128, 142, 157, 176, 183, 199, 211, 222, 234, 244, 252, 258, 270, 282]
in fc
is true
[128, 142, 157, 176, 183, 199, 211, 222, 234, 244, 252, 258, 270, 282, 294]
in fc
in fc
is true
[128, 142, 157, 176, 183, 199, 211, 222, 234, 244, 252, 258, 270, 282]
in fc
is true
[128, 142, 157, 176, 183, 199, 211, 222, 234, 244, 252, 258, 270, 282, 292]
in fc
in fc
is true
[128, 142, 157, 176, 183, 199, 211, 222, 234, 244, 252, 258, 270, 282]
in fc
is true
[128, 142, 157, 176, 183, 199, 211, 222, 234, 244, 252, 258, 270, 282, 287]
in fc
in fc
is true
[128, 142, 157, 176, 183, 199, 211, 222, 234, 244, 252, 258, 270, 282, 287]
in fc
is true
[128, 142, 157, 176, 183, 199, 211, 222, 234, 244, 252, 258, 270, 282, 287, 294]
in fc
is true
[128, 142, 157, 176, 183, 199, 211, 222, 234, 244, 252, 258, 270, 282, 287, 294, 304]
in fc
is true
[128, 142, 157, 176, 183, 199, 211, 222, 234, 244, 252, 258, 270, 282, 287, 294, 304, 312]
in fc
is true
[128, 142, 157, 176, 183, 199, 211, 222, 234, 244, 252, 258, 270, 282, 287, 294, 304, 312, 317]
in fc
is true
[128, 142, 157, 176, 183, 199, 211, 222, 234, 244, 252, 258, 270, 282, 287, 294, 304, 312, 317, 324]
in fc
is true
[128, 142, 157, 176, 183, 199, 211, 222, 234, 244, 252, 258, 270, 282, 287, 294, 304, 312, 317, 324, 330]
in fc
is true
[128, 142, 157, 176, 183, 199, 211, 222, 234, 244, 252, 258, 270, 282, 287, 294, 304, 312, 317, 324, 330, 338]
in fc
is true
[128, 142, 157, 176, 183, 199, 211, 222, 234, 244, 252, 258, 270, 282, 287, 294, 304, 312, 317, 324, 330, 338, 343]
in fc
is true
[128, 142, 157, 176, 183, 199, 211, 222, 234, 244, 252, 258, 270, 282, 287, 294, 304, 312, 317, 324, 330, 338, 343, 350]
in fc
is true
[128, 142, 157, 176, 183, 199, 211, 222, 234, 244, 252, 258, 270, 282, 287, 294, 304, 312, 317, 324, 330, 338, 343, 350, 357]
in fc
is true
[128, 142, 157, 176, 183, 199, 211, 222, 234, 244, 252, 258, 270, 282, 287, 294, 304, 312, 317, 324, 330, 338, 343, 350, 357, 368]
in fc
is true
[128, 142, 157, 176, 183, 199, 211, 222, 234, 244, 252, 258, 270, 282, 287, 294, 304, 312, 317, 324, 330, 338, 343, 350, 357, 368, 378]
in fc
is true
[128, 142, 157, 176, 183, 199, 211, 222, 234, 244, 252, 258, 270, 282, 287, 294, 304, 312, 317, 324, 330, 338, 343, 350, 357, 368, 378, 389]
in fc
is true
[128, 142, 157, 176, 183, 199, 211, 222, 234, 244, 252, 258, 270, 282, 287, 294, 304, 312, 317, 324, 330, 338, 343, 350, 357, 368, 378, 389, 397]
in fc
is true
[128, 142, 157, 176, 183, 199, 211, 222, 234, 244, 252, 258, 270, 282, 287, 294, 304, 312, 317, 324, 330, 338, 343, 350, 357, 368, 378, 389, 397, 406]
in fc
is true
[128, 142, 157, 176, 183, 199, 211, 222, 234, 244, 252, 258, 270, 282, 287, 294, 304, 312, 317, 324, 330, 338, 343, 350, 357, 368, 378, 389, 397, 406, 413]
in fc
is true
[128, 142, 157, 176, 183, 199, 211, 222, 234, 244, 252, 258, 270, 282, 287, 294, 304, 312, 317, 324, 330, 338, 343, 350, 357, 368, 378, 389, 397, 406, 413, 421]
in fc
is true
[128, 142, 157, 176, 183, 199, 211, 222, 234, 244, 252, 258, 270, 282, 287, 294, 304, 312, 317, 324, 330, 338, 343, 350, 357, 368, 378, 389, 397, 406, 413, 421, 429]
in fc
is true
[128, 142, 157, 176, 183, 199, 211, 222, 234, 244, 252, 258, 270, 282, 287, 294, 304, 312, 317, 324, 330, 338, 343, 350, 357, 368, 378, 389, 397, 406, 413, 421, 429, 436]
in fc
is true
[128, 142, 157, 176, 183, 199, 211, 222, 234, 244, 252, 258, 270, 282, 287, 294, 304, 312, 317, 324, 330, 338, 343, 350, 357, 368, 378, 389, 397, 406, 413, 421, 429, 436, 444]
in fc
in fc
is true
[128, 142, 157, 176, 183, 199, 211, 222, 234, 244, 252, 258, 270, 282, 287, 294, 304, 312, 317, 324, 330, 338, 343, 350, 357, 368, 378, 389, 397, 406, 413, 421, 429, 436, 444, 453]
in fc
in fc
is true
[128, 142, 157, 176, 183, 199, 211, 222, 234, 244, 252, 258, 270, 282, 287, 294, 304, 312, 317, 324, 330, 338, 343, 350, 357, 368, 378, 389, 397, 406, 413, 421, 429, 436, 444, 453]
in fc
in fc
is true
[128, 142, 157, 176, 183, 199, 211, 222, 234, 244, 252, 258, 270, 282, 287, 294, 304, 312, 317, 324, 330, 338, 343, 350, 357, 368, 378, 389, 397, 406, 413, 421, 429, 436, 444, 453, 459]
in fc
in fc
in fc
is true
[128, 142, 157, 176, 183, 199, 211, 222, 234, 244, 252, 258, 270, 282, 287, 294, 304, 312, 317, 324, 330, 338, 343, 350, 357, 368, 378, 389, 397, 406, 413, 421, 429, 436, 444]
in fc
is true
[128, 142, 157, 176, 183, 199, 211, 222, 234, 244, 252, 258, 270, 282, 287, 294, 304, 312, 317, 324, 330, 338, 343, 350, 357, 368, 378, 389, 397, 406, 413, 421, 429, 436, 444, 451]
in fc
in fc
in fc
is true
[128, 142, 157, 176, 183, 199, 211, 222, 234, 244, 252, 258, 270, 282, 287, 294, 304, 312, 317, 324, 330, 338, 343, 350, 357, 368, 378, 389, 397, 406, 413, 421, 429, 436, 444, 451]
in fc
in fc
is true
[128, 142, 157, 176, 183, 199, 211, 222, 234, 244, 252, 258, 270, 282, 287, 294, 304, 312, 317, 324, 330, 338, 343, 350, 357, 368, 378, 389, 397, 406, 413, 421, 429, 436, 444, 451, 460]
in fc
in fc
in fc
is true
[128, 142, 157, 176, 183, 199, 211, 222, 234, 244, 252, 258, 270, 282, 287, 294, 304, 312, 317, 324, 330, 338, 343, 350, 357, 368, 378, 389, 397, 406, 413, 421, 429, 436, 444]
in fc
is true
[128, 142, 157, 176, 183, 199, 211, 222, 234, 244, 252, 258, 270, 282, 287, 294, 304, 312, 317, 324, 330, 338, 343, 350, 357, 368, 378, 389, 397, 406, 413, 421, 429, 436, 444, 446]
in fc
is true
[128, 142, 157, 176, 183, 199, 211, 222, 234, 244, 252, 258, 270, 282, 287, 294, 304, 312, 317, 324, 330, 338, 343, 350, 357, 368, 378, 389, 397, 406, 413, 421, 429, 436, 444, 446, 455]
in fc
is true
[128, 142, 157, 176, 183, 199, 211, 222, 234, 244, 252, 258, 270, 282, 287, 294, 304, 312, 317, 324, 330, 338, 343, 350, 357, 368, 378, 389, 397, 406, 413, 421, 429, 436, 444, 446, 455, 462]
in fc
in fc
in fc
is true
[128, 142, 157, 176, 183, 199, 211, 222, 234, 244, 252, 258, 270, 282, 287, 294, 304, 312, 317, 324, 330, 338, 343, 350, 357, 368, 378, 389, 397, 406, 413, 421, 429, 436, 444, 446]
in fc
is true
[128, 142, 157, 176, 183, 199, 211, 222, 234, 244, 252, 258, 270, 282, 287, 294, 304, 312, 317, 324, 330, 338, 343, 350, 357, 368, 378, 389, 397, 406, 413, 421, 429, 436, 444, 446, 455]
in fc
is true
[128, 142, 157, 176, 183, 199, 211, 222, 234, 244, 252, 258, 270, 282, 287, 294, 304, 312, 317, 324, 330, 338, 343, 350, 357, 368, 378, 389, 397, 406, 413, 421, 429, 436, 444, 446, 455, 462]
in fc
in fc
is true
[128, 142, 157, 176, 183, 199, 211, 222, 234, 244, 252, 258, 270, 282, 287, 294, 304, 312, 317, 324, 330, 338, 343, 350, 357, 368, 378, 389, 397, 406, 413, 421, 429, 436, 444, 446, 455]
in fc
in fc
in fc
is true
[128, 142, 157, 176, 183, 199, 211, 222, 234, 244, 252, 258, 270, 282, 287, 294, 304, 312, 317, 324, 330, 338, 343, 350, 357, 368, 378, 389, 397, 406, 413, 421, 429, 436, 444, 446]
in fc
is true
[128, 142, 157, 176, 183, 199, 211, 222, 234, 244, 252, 258, 270, 282, 287, 294, 304, 312, 317, 324, 330, 338, 343, 350, 357, 368, 378, 389, 397, 406, 413, 421, 429, 436, 444, 446, 452]
in fc
is true
[128, 142, 157, 176, 183, 199, 211, 222, 234, 244, 252, 258, 270, 282, 287, 294, 304, 312, 317, 324, 330, 338, 343, 350, 357, 368, 378, 389, 397, 406, 413, 421, 429, 436, 444, 446, 452, 459]
in fc
is true
[128, 142, 157, 176, 183, 199, 211, 222, 234, 244, 252, 258, 270, 282, 287, 294, 304, 312, 317, 324, 330, 338, 343, 350, 357, 368, 378, 389, 397, 406, 413, 421, 429, 436, 444, 446, 452, 459, 466]
in fc
is true
[128, 142, 157, 176, 183, 199, 211, 222, 234, 244, 252, 258, 270, 282, 287, 294, 304, 312, 317, 324, 330, 338, 343, 350, 357, 368, 378, 389, 397, 406, 413, 421, 429, 436, 444, 446, 452, 459, 466, 473]
in fc
in fc
is true
[128, 142, 157, 176, 183, 199, 211, 222, 234, 244, 252, 258, 270, 282, 287, 294, 304, 312, 317, 324, 330, 338, 343, 350, 357, 368, 378, 389, 397, 406, 413, 421, 429, 436, 444, 446, 452, 459, 466, 473, 477]
in fc
is true
[128, 142, 157, 176, 183, 199, 211, 222, 234, 244, 252, 258, 270, 282, 287, 294, 304, 312, 317, 324, 330, 338, 343, 350, 357, 368, 378, 389, 397, 406, 413, 421, 429, 436, 444, 446, 452, 459, 466, 473, 477, 480]
in fc
is true
[128, 142, 157, 176, 183, 199, 211, 222, 234, 244, 252, 258, 270, 282, 287, 294, 304, 312, 317, 324, 330, 338, 343, 350, 357, 368, 378, 389, 397, 406, 413, 421, 429, 436, 444, 446, 452, 459, 466, 473, 477, 480, 484]
in fc
is true
[128, 142, 157, 176, 183, 199, 211, 222, 234, 244, 252, 258, 270, 282, 287, 294, 304, 312, 317, 324, 330, 338, 343, 350, 357, 368, 378, 389, 397, 406, 413, 421, 429, 436, 444, 446, 452, 459, 466, 473, 477, 480, 484, 489]
in fc
is true
[128, 142, 157, 176, 183, 199, 211, 222, 234, 244, 252, 258, 270, 282, 287, 294, 304, 312, 317, 324, 330, 338, 343, 350, 357, 368, 378, 389, 397, 406, 413, 421, 429, 436, 444, 446, 452, 459, 466, 473, 477, 480, 484, 489, 494]
in fc
is true
[128, 142, 157, 176, 183, 199, 211, 222, 234, 244, 252, 258, 270, 282, 287, 294, 304, 312, 317, 324, 330, 338, 343, 350, 357, 368, 378, 389, 397, 406, 413, 421, 429, 436, 444, 446, 452, 459, 466, 473, 477, 480, 484, 489, 494, 497]
in fc
is true
[128, 142, 157, 176, 183, 199, 211, 222, 234, 244, 252, 258, 270, 282, 287, 294, 304, 312, 317, 324, 330, 338, 343, 350, 357, 368, 378, 389, 397, 406, 413, 421, 429, 436, 444, 446, 452, 459, 466, 473, 477, 480, 484, 489, 494, 497, 502]
in fc
is true
[128, 142, 157, 176, 183, 199, 211, 222, 234, 244, 252, 258, 270, 282, 287, 294, 304, 312, 317, 324, 330, 338, 343, 350, 357, 368, 378, 389, 397, 406, 413, 421, 429, 436, 444, 446, 452, 459, 466, 473, 477, 480, 484, 489, 494, 497, 502, 507]
in fc
is true
[128, 142, 157, 176, 183, 199, 211, 222, 234, 244, 252, 258, 270, 282, 287, 294, 304, 312, 317, 324, 330, 338, 343, 350, 357, 368, 378, 389, 397, 406, 413, 421, 429, 436, 444, 446, 452, 459, 466, 473, 477, 480, 484, 489, 494, 497, 502, 507, 511]
in fc
is true
[128, 142, 157, 176, 183, 199, 211, 222, 234, 244, 252, 258, 270, 282, 287, 294, 304, 312, 317, 324, 330, 338, 343, 350, 357, 368, 378, 389, 397, 406, 413, 421, 429, 436, 444, 446, 452, 459, 466, 473, 477, 480, 484, 489, 494, 497, 502, 507, 511, 516]
in fc
in fc
is true
[128, 142, 157, 176, 183, 199, 211, 222, 234, 244, 252, 258, 270, 282, 287, 294, 304, 312, 317, 324, 330, 338, 343, 350, 357, 368, 378, 389, 397, 406, 413, 421, 429, 436, 444, 446, 452, 459, 466, 473, 477, 480, 484, 489, 494, 497, 502, 507, 511, 516, 521]
in fc
is true
[128, 142, 157, 176, 183, 199, 211, 222, 234, 244, 252, 258, 270, 282, 287, 294, 304, 312, 317, 324, 330, 338, 343, 350, 357, 368, 378, 389, 397, 406, 413, 421, 429, 436, 444, 446, 452, 459, 466, 473, 477, 480, 484, 489, 494, 497, 502, 507, 511, 516, 521, 525]
in fc
in fc
is true
[128, 142, 157, 176, 183, 199, 211, 222, 234, 244, 252, 258, 270, 282, 287, 294, 304, 312, 317, 324, 330, 338, 343, 350, 357, 368, 378, 389, 397, 406, 413, 421, 429, 436, 444, 446, 452, 459, 466, 473, 477, 480, 484, 489, 494, 497, 502, 507, 511, 516, 521, 525]
in fc
is true
[128, 142, 157, 176, 183, 199, 211, 222, 234, 244, 252, 258, 270, 282, 287, 294, 304, 312, 317, 324, 330, 338, 343, 350, 357, 368, 378, 389, 397, 406, 413, 421, 429, 436, 444, 446, 452, 459, 466, 473, 477, 480, 484, 489, 494, 497, 502, 507, 511, 516, 521, 525, 529]
in fc
is true
[128, 142, 157, 176, 183, 199, 211, 222, 234, 244, 252, 258, 270, 282, 287, 294, 304, 312, 317, 324, 330, 338, 343, 350, 357, 368, 378, 389, 397, 406, 413, 421, 429, 436, 444, 446, 452, 459, 466, 473, 477, 480, 484, 489, 494, 497, 502, 507, 511, 516, 521, 525, 529, 533]
in fc
is true
[128, 142, 157, 176, 183, 199, 211, 222, 234, 244, 252, 258, 270, 282, 287, 294, 304, 312, 317, 324, 330, 338, 343, 350, 357, 368, 378, 389, 397, 406, 413, 421, 429, 436, 444, 446, 452, 459, 466, 473, 477, 480, 484, 489, 494, 497, 502, 507, 511, 516, 521, 525, 529, 533, 536]
in fc
is true
[128, 142, 157, 176, 183, 199, 211, 222, 234, 244, 252, 258, 270, 282, 287, 294, 304, 312, 317, 324, 330, 338, 343, 350, 357, 368, 378, 389, 397, 406, 413, 421, 429, 436, 444, 446, 452, 459, 466, 473, 477, 480, 484, 489, 494, 497, 502, 507, 511, 516, 521, 525, 529, 533, 536, 539]
in fc
is true
[128, 142, 157, 176, 183, 199, 211, 222, 234, 244, 252, 258, 270, 282, 287, 294, 304, 312, 317, 324, 330, 338, 343, 350, 357, 368, 378, 389, 397, 406, 413, 421, 429, 436, 444, 446, 452, 459, 466, 473, 477, 480, 484, 489, 494, 497, 502, 507, 511, 516, 521, 525, 529, 533, 536, 539, 542]
in fc
is true
[128, 142, 157, 176, 183, 199, 211, 222, 234, 244, 252, 258, 270, 282, 287, 294, 304, 312, 317, 324, 330, 338, 343, 350, 357, 368, 378, 389, 397, 406, 413, 421, 429, 436, 444, 446, 452, 459, 466, 473, 477, 480, 484, 489, 494, 497, 502, 507, 511, 516, 521, 525, 529, 533, 536, 539, 542, 545]
in fc
is true
[128, 142, 157, 176, 183, 199, 211, 222, 234, 244, 252, 258, 270, 282, 287, 294, 304, 312, 317, 324, 330, 338, 343, 350, 357, 368, 378, 389, 397, 406, 413, 421, 429, 436, 444, 446, 452, 459, 466, 473, 477, 480, 484, 489, 494, 497, 502, 507, 511, 516, 521, 525, 529, 533, 536, 539, 542, 545, 548]
in fc
is true
[128, 142, 157, 176, 183, 199, 211, 222, 234, 244, 252, 258, 270, 282, 287, 294, 304, 312, 317, 324, 330, 338, 343, 350, 357, 368, 378, 389, 397, 406, 413, 421, 429, 436, 444, 446, 452, 459, 466, 473, 477, 480, 484, 489, 494, 497, 502, 507, 511, 516, 521, 525, 529, 533, 536, 539, 542, 545, 548, 551]
in fc
is true
[128, 142, 157, 176, 183, 199, 211, 222, 234, 244, 252, 258, 270, 282, 287, 294, 304, 312, 317, 324, 330, 338, 343, 350, 357, 368, 378, 389, 397, 406, 413, 421, 429, 436, 444, 446, 452, 459, 466, 473, 477, 480, 484, 489, 494, 497, 502, 507, 511, 516, 521, 525, 529, 533, 536, 539, 542, 545, 548, 551, 553]
in fc
in fc
in fc
is true
[128, 142, 157, 176, 183, 199, 211, 222, 234, 244, 252, 258, 270, 282, 287, 294, 304, 312, 317, 324, 330, 338, 343, 350, 357, 368, 378, 389, 397, 406, 413, 421, 429, 436, 444, 446, 452, 459, 466, 473, 477, 480, 484, 489, 494, 497, 502, 507, 511, 516, 521, 525, 529, 533, 536, 539, 542, 545, 548]
in fc
is true
[128, 142, 157, 176, 183, 199, 211, 222, 234, 244, 252, 258, 270, 282, 287, 294, 304, 312, 317, 324, 330, 338, 343, 350, 357, 368, 378, 389, 397, 406, 413, 421, 429, 436, 444, 446, 452, 459, 466, 473, 477, 480, 484, 489, 494, 497, 502, 507, 511, 516, 521, 525, 529, 533, 536, 539, 542, 545, 548, 551]
in fc
is true
[128, 142, 157, 176, 183, 199, 211, 222, 234, 244, 252, 258, 270, 282, 287, 294, 304, 312, 317, 324, 330, 338, 343, 350, 357, 368, 378, 389, 397, 406, 413, 421, 429, 436, 444, 446, 452, 459, 466, 473, 477, 480, 484, 489, 494, 497, 502, 507, 511, 516, 521, 525, 529, 533, 536, 539, 542, 545, 548, 551, 553]
in fc
in fc
is true
[128, 142, 157, 176, 183, 199, 211, 222, 234, 244, 252, 258, 270, 282, 287, 294, 304, 312, 317, 324, 330, 338, 343, 350, 357, 368, 378, 389, 397, 406, 413, 421, 429, 436, 444, 446, 452, 459, 466, 473, 477, 480, 484, 489, 494, 497, 502, 507, 511, 516, 521, 525, 529, 533, 536, 539, 542, 545, 548, 551, 553]
in fc
is true
[128, 142, 157, 176, 183, 199, 211, 222, 234, 244, 252, 258, 270, 282, 287, 294, 304, 312, 317, 324, 330, 338, 343, 350, 357, 368, 378, 389, 397, 406, 413, 421, 429, 436, 444, 446, 452, 459, 466, 473, 477, 480, 484, 489, 494, 497, 502, 507, 511, 516, 521, 525, 529, 533, 536, 539, 542, 545, 548, 551, 553, 556]
in fc
is true
[128, 142, 157, 176, 183, 199, 211, 222, 234, 244, 252, 258, 270, 282, 287, 294, 304, 312, 317, 324, 330, 338, 343, 350, 357, 368, 378, 389, 397, 406, 413, 421, 429, 436, 444, 446, 452, 459, 466, 473, 477, 480, 484, 489, 494, 497, 502, 507, 511, 516, 521, 525, 529, 533, 536, 539, 542, 545, 548, 551, 553, 556, 559]
in fc
is true
[128, 142, 157, 176, 183, 199, 211, 222, 234, 244, 252, 258, 270, 282, 287, 294, 304, 312, 317, 324, 330, 338, 343, 350, 357, 368, 378, 389, 397, 406, 413, 421, 429, 436, 444, 446, 452, 459, 466, 473, 477, 480, 484, 489, 494, 497, 502, 507, 511, 516, 521, 525, 529, 533, 536, 539, 542, 545, 548, 551, 553, 556, 559, 561]
in fc
is true
[128, 142, 157, 176, 183, 199, 211, 222, 234, 244, 252, 258, 270, 282, 287, 294, 304, 312, 317, 324, 330, 338, 343, 350, 357, 368, 378, 389, 397, 406, 413, 421, 429, 436, 444, 446, 452, 459, 466, 473, 477, 480, 484, 489, 494, 497, 502, 507, 511, 516, 521, 525, 529, 533, 536, 539, 542, 545, 548, 551, 553, 556, 559, 561, 563]
in fc
is true
[128, 142, 157, 176, 183, 199, 211, 222, 234, 244, 252, 258, 270, 282, 287, 294, 304, 312, 317, 324, 330, 338, 343, 350, 357, 368, 378, 389, 397, 406, 413, 421, 429, 436, 444, 446, 452, 459, 466, 473, 477, 480, 484, 489, 494, 497, 502, 507, 511, 516, 521, 525, 529, 533, 536, 539, 542, 545, 548, 551, 553, 556, 559, 561, 563, 565]
in fc
is true
[128, 142, 157, 176, 183, 199, 211, 222, 234, 244, 252, 258, 270, 282, 287, 294, 304, 312, 317, 324, 330, 338, 343, 350, 357, 368, 378, 389, 397, 406, 413, 421, 429, 436, 444, 446, 452, 459, 466, 473, 477, 480, 484, 489, 494, 497, 502, 507, 511, 516, 521, 525, 529, 533, 536, 539, 542, 545, 548, 551, 553, 556, 559, 561, 563, 565, 566]
in fc
is true
[128, 142, 157, 176, 183, 199, 211, 222, 234, 244, 252, 258, 270, 282, 287, 294, 304, 312, 317, 324, 330, 338, 343, 350, 357, 368, 378, 389, 397, 406, 413, 421, 429, 436, 444, 446, 452, 459, 466, 473, 477, 480, 484, 489, 494, 497, 502, 507, 511, 516, 521, 525, 529, 533, 536, 539, 542, 545, 548, 551, 553, 556, 559, 561, 563, 565, 566, 567]
in fc
is true
[128, 142, 157, 176, 183, 199, 211, 222, 234, 244, 252, 258, 270, 282, 287, 294, 304, 312, 317, 324, 330, 338, 343, 350, 357, 368, 378, 389, 397, 406, 413, 421, 429, 436, 444, 446, 452, 459, 466, 473, 477, 480, 484, 489, 494, 497, 502, 507, 511, 516, 521, 525, 529, 533, 536, 539, 542, 545, 548, 551, 553, 556, 559, 561, 563, 565, 566, 567, 568]
in fc
is true
[128, 142, 157, 176, 183, 199, 211, 222, 234, 244, 252, 258, 270, 282, 287, 294, 304, 312, 317, 324, 330, 338, 343, 350, 357, 368, 378, 389, 397, 406, 413, 421, 429, 436, 444, 446, 452, 459, 466, 473, 477, 480, 484, 489, 494, 497, 502, 507, 511, 516, 521, 525, 529, 533, 536, 539, 542, 545, 548, 551, 553, 556, 559, 561, 563, 565, 566, 567, 568, 569]
in fc
is true
[128, 142, 157, 176, 183, 199, 211, 222, 234, 244, 252, 258, 270, 282, 287, 294, 304, 312, 317, 324, 330, 338, 343, 350, 357, 368, 378, 389, 397, 406, 413, 421, 429, 436, 444, 446, 452, 459, 466, 473, 477, 480, 484, 489, 494, 497, 502, 507, 511, 516, 521, 525, 529, 533, 536, 539, 542, 545, 548, 551, 553, 556, 559, 561, 563, 565, 566, 567, 568, 569, 570]
in fc
is true
[128, 142, 157, 176, 183, 199, 211, 222, 234, 244, 252, 258, 270, 282, 287, 294, 304, 312, 317, 324, 330, 338, 343, 350, 357, 368, 378, 389, 397, 406, 413, 421, 429, 436, 444, 446, 452, 459, 466, 473, 477, 480, 484, 489, 494, 497, 502, 507, 511, 516, 521, 525, 529, 533, 536, 539, 542, 545, 548, 551, 553, 556, 559, 561, 563, 565, 566, 567, 568, 569, 570, 571]
in fc
is true
[128, 142, 157, 176, 183, 199, 211, 222, 234, 244, 252, 258, 270, 282, 287, 294, 304, 312, 317, 324, 330, 338, 343, 350, 357, 368, 378, 389, 397, 406, 413, 421, 429, 436, 444, 446, 452, 459, 466, 473, 477, 480, 484, 489, 494, 497, 502, 507, 511, 516, 521, 525, 529, 533, 536, 539, 542, 545, 548, 551, 553, 556, 559, 561, 563, 565, 566, 567, 568, 569, 570, 571, 572]
in fc
is true
[128, 142, 157, 176, 183, 199, 211, 222, 234, 244, 252, 258, 270, 282, 287, 294, 304, 312, 317, 324, 330, 338, 343, 350, 357, 368, 378, 389, 397, 406, 413, 421, 429, 436, 444, 446, 452, 459, 466, 473, 477, 480, 484, 489, 494, 497, 502, 507, 511, 516, 521, 525, 529, 533, 536, 539, 542, 545, 548, 551, 553, 556, 559, 561, 563, 565, 566, 567, 568, 569, 570, 571, 572, 573]
p:3	q:3
1 2 3 | 5 6 7 | 4 8 9 
4 5 6 | 2 9 8 | 3 7 1 
7 8 9 | 1 4 3 | 5 2 6 
- - - - - - - - - - - 
2 1 4 | 3 7 5 | 6 9 8 
3 6 5 | 9 8 1 | 2 4 7 
9 7 8 | 4 2 6 | 1 3 5 
- - - - - - - - - - - 
5 3 2 | 7 1 9 | 8 6 4 
6 4 7 | 8 5 2 | 9 1 3 
8 9 1 | 6 3 4 | 7 5 2 

Trail Pushes: 848
Backtracks: 73
