4 4
0 0 0 6 0 0 0 0 0 0 0 0 0 0 0 0 
0 0 0 0 0 0 0 0 0 D 8 0 0 0 0 0 
0 0 0 0 0 0 0 0 0 0 F 0 0 0 0 0 
0 0 0 0 0 0 0 0 0 0 0 0 0 0 0 0 
0 9 0 0 0 0 0 0 0 0 0 0 0 0 0 0 
0 0 0 0 0 0 0 0 0 0 0 0 0 C 0 0 
C 0 0 0 0 A 0 0 0 0 0 0 0 B 0 0 
0 0 0 0 0 0 0 0 3 0 0 0 0 0 0 0 
0 0 0 2 0 0 0 0 F C 0 0 0 0 0 0 
0 0 0 0 G 0 0 0 0 0 0 0 0 0 0 0 
0 0 0 0 0 F 0 0 0 0 0 0 0 0 0 0 
0 0 0 0 0 0 0 C 0 0 0 0 0 0 0 0 
0 0 0 7 0 0 0 0 0 0 0 0 0 0 0 0 
0 0 0 0 0 0 0 9 0 0 0 0 0 0 0 0 
9 0 0 0 0 0 0 0 0 0 0 0 0 0 0 0 
0 0 0 0 0 0 0 0 0 0 0 0 3 0 0 0 
